C:\Users\Siedg\AppData\Local\Programs\Python\Python36-32\python.exe C:/Users/Siedg/PycharmProjects/CharacterRecognition/CharacterRecognition.py outputTrain.txt outputTest.txt 7
AdaBoost
array([  7.,   0.,  12., ...,  11.,  25.,   1.])
[49][5][0][0][0][7][1][5][0][0][7][0][5][9][0][2][2][10][0][0][0][0][2][9][0]		 Class = 0
[20][93][0][26][22][1][11][3][0][1][1][0][23][18][22][6][50][26][5][0][1][0][3][2][0]		 Class = 1
[1][1][395][16][82][1][9][3][4][2][60][9][1][1][57][4][16][46][2][0][16][6][0][0][0]		 Class = 2
[20][46][1][180][3][1][19][2][0][24][0][1][0][4][78][12][17][2][26][0][7][0][0][2][1]		 Class = 3
[11][10][3][1][141][9][4][2][5][8][62][0][0][4][1][0][8][89][15][0][1][0][2][22][0]		 Class = 4
[7][2][4][0][10][117][4][4][8][8][4][0][0][1][0][29][2][12][6][31][0][3][0][2][8]		 Class = 5
[5][45][6][36][45][5][142][2][0][2][3][0][1][8][119][1][70][3][4][0][14][0][19][0][0]		 Class = 6
[115][2][0][0][0][7][1][99][0][0][3][0][28][29][0][66][1][11][0][0][0][1][8][12][1]		 Class = 7
[1][0][1][0][0][0][0][0][344][111][0][3][0][0][0][0][0][0][18][131][0][0][0][6][26]		 Class = 8
[1][0][10][15][3][5][3][0][21][207][0][4][0][0][8][0][3][1][19][1][37][28][6][4][1]		 Class = 9
[6][0][0][2][3][1][0][3][5][0][103][2][1][3][0][1][2][26][2][0][2][12][3][34][3]		 Class = 10
[1][0][76][0][8][0][5][0][1][0][45][466][0][0][0][0][1][7][6][0][10][4][0][17][2]		 Class = 11
[116][33][0][1][9][0][17][142][0][0][16][0][292][129][1][0][7][38][3][0][3][0][21][3][3]		 Class = 12
[8][0][0][0][1][0][0][26][0][0][1][0][7][98][1][2][0][1][0][0][1][0][10][1][1]		 Class = 13
[2][13][0][29][2][3][3][8][1][4][0][0][0][2][79][15][12][3][3][0][62][20][5][1][2]		 Class = 14
[1][1][0][2][1][2][0][1][0][0][0][0][2][0][1][75][5][6][0][1][0][2][0][0][1]		 Class = 15
[32][130][0][50][7][2][41][23][0][1][15][0][38][27][57][10][235][74][14][0][9][0][22][2][0]		 Class = 16
[5][4][0][1][5][0][0][0][0][0][12][0][0][2][0][2][0][62][0][0][1][0][0][8][0]		 Class = 17
[9][22][0][7][10][2][19][1][30][25][3][1][0][2][19][1][8][1][297][6][0][0][0][17][1]		 Class = 18
[4][0][18][0][1][241][0][3][243][9][9][0][14][2][0][210][0][10][2][293][0][22][0][5][152]		 Class = 19
[1][3][1][21][2][8][27][12][0][1][3][4][7][19][15][4][2][2][0][0][266][57][42][1][0]		 Class = 20
[1][0][2][1][0][1][0][17][23][0][13][2][1][11][1][13][0][0][0][3][3][222][4][23][155]		 Class = 21
[10][17][0][0][4][3][82][40][0][0][10][2][37][66][0][6][8][5][1][0][11][8][325][0][1]		 Class = 22
[13][0][0][0][0][0][0][1][4][3][6][2][1][3][0][1][0][3][7][0][0][7][0][269][13]		 Class = 23
[20][0][0][0][0][2][1][5][19][4][1][0][2][1][0][6][1][0][4][3][14][90][3][26][82]		 Class = 24
Accuracy = 43.262708315886442%