Decition Tree
array([  0.,   0.,   0., ...,  25.,  25.,  12.])
[296][22][0][5][0][3][4][14][0][1][4][0][15][16][5][5][6][14][0][0][0][1][1][7][0]		 Class = 0
[17][207][0][16][4][1][8][6][0][4][1][0][20][8][14][13][38][27][5][2][3][1][5][2][1]		 Class = 1
[0][7][451][8][23][1][5][3][7][4][8][18][1][0][39][5][8][16][2][0][2][0][1][1][0]		 Class = 2
[7][23][0][280][3][0][6][2][2][6][0][0][4][6][104][22][9][2][2][0][6][1][0][5][0]		 Class = 3
[1][8][4][1][200][18][15][0][5][1][18][1][0][1][0][1][6][17][12][0][1][0][0][4][1]		 Class = 4
[6][3][3][1][27][307][6][1][10][6][4][0][1][0][0][37][0][3][15][5][0][0][0][4][9]		 Class = 5
[4][19][22][4][24][3][238][3][0][1][3][3][5][1][0][1][40][20][10][0][1][1][1][0][0]		 Class = 6
[20][8][0][6][0][0][3][277][2][0][6][0][89][48][1][3][0][10][0][0][4][4][13][5][7]		 Class = 7
[0][0][0][0][1][1][0][1][589][12][0][0][0][0][0][5][0][0][2][1][0][1][0][6][2]		 Class = 8
[2][0][1][1][2][2][1][1][52][313][0][1][0][0][1][0][1][1][17][13][1][1][2][2][0]		 Class = 9
[8][5][2][0][12][1][3][10][0][0][246][5][8][9][0][1][3][37][5][0][0][4][5][38][7]		 Class = 10
[5][0][25][0][9][0][7][0][20][2][12][456][0][0][0][1][0][1][5][0][0][1][0][7][0]		 Class = 11
[23][21][0][1][1][0][7][13][0][0][4][0][182][26][0][1][6][13][0][0][2][1][17][1][0]		 Class = 12
[8][9][0][3][1][0][6][20][0][0][2][0][52][268][2][2][3][4][2][0][1][2][46][1][2]		 Class = 13
[8][29][2][31][1][0][7][3][3][0][0][0][7][0][237][2][12][0][1][2][5][1][0][1][0]		 Class = 14
[4][2][3][8][2][46][1][1][4][1][2][0][0][1][2][323][4][4][0][6][0][1][3][1][3]		 Class = 15
[7][21][1][7][2][0][22][2][0][1][1][0][9][3][36][14][272][23][3][0][4][2][1][0][3]		 Class = 16
[23][24][1][1][23][2][8][1][1][1][17][1][10][6][0][5][9][220][1][2][0][0][0][13][0]		 Class = 17
[6][9][0][2][18][3][14][0][26][36][8][0][0][0][3][1][3][2][332][0][0][1][1][14][1]		 Class = 18
[0][0][0][0][1][26][1][1][18][13][1][0][1][1][0][8][0][1][2][416][0][0][1][0][16]		 Class = 19
[2][3][3][14][1][0][10][12][0][3][9][2][5][6][10][0][22][6][0][2][353][47][27][1][3]		 Class = 20
[0][1][0][2][1][2][1][8][4][1][4][2][0][7][2][10][1][1][3][0][48][363][10][7][51]		 Class = 21
[1][3][0][1][1][0][12][16][0][0][0][1][50][28][1][0][7][1][2][0][22][4][333][2][1]		 Class = 22
[10][1][0][0][2][2][0][1][6][2][20][5][0][4][0][1][0][7][3][1][0][6][4][327][22]		 Class = 23
[0][0][0][2][1][1][4][6][10][7][6][0][1][0][1][5][2][2][16][18][4][39][4][13][323]		 Class = 24
Accuracy = 68.260614688887017%