C:\Users\Siedg\AppData\Local\Programs\Python\Python36-32\python.exe C:/Users/Siedg/PycharmProjects/CharacterRecognition/CharacterRecognition.py outputTrain.txt outputTest.txt 3
[1334][18][0][2][0][2][2][37][0][0][1][0][6][7][4][2][4][21][0][0][0][0][0][0][0]		 Class = 0
[30][1303][2][28][13][0][4][0][0][0][1][0][3][1][12][1][13][21][2][0][1][0][2][0][0]		 Class = 1
[1][8][1316][0][2][0][11][0][3][0][0][32][0][0][53][3][1][2][4][0][2][0][2][0][0]		 Class = 2
[7][41][8][1294][0][0][0][0][0][1][0][0][0][0][76][3][3][0][0][1][1][0][1][0][1]		 Class = 3
[6][34][37][4][1280][12][9][0][2][0][0][14][1][1][9][4][3][7][14][0][0][0][2][0][0]		 Class = 4
[10][5][10][4][47][1253][3][0][6][0][0][1][0][0][0][69][2][3][12][12][0][0][0][1][2]		 Class = 5
[10][30][31][6][37][0][1243][0][0][0][0][0][1][0][13][0][64][1][3][0][1][0][0][0][0]		 Class = 6
[73][13][0][5][7][2][2][1282][0][0][3][0][3][29][3][1][0][3][0][0][7][0][6][1][0]		 Class = 7
[0][0][0][1][3][3][0][0][1401][12][0][1][0][0][0][1][0][0][3][1][0][0][0][1][2]		 Class = 8
[1][0][1][6][5][3][1][1][26][1346][0][0][1][0][0][0][3][1][16][16][2][4][2][2][1]		 Class = 9
[12][8][3][3][10][4][0][19][1][1][1335][1][5][2][0][1][0][11][0][0][0][4][4][16][0]		 Class = 10
[3][3][11][1][1][2][0][1][12][1][1][1401][0][0][0][0][0][0][0][0][0][0][0][2][0]		 Class = 11
[27][29][1][4][1][0][0][28][0][0][6][1][1301][14][1][1][1][6][0][0][0][1][16][2][0]		 Class = 12
[38][14][1][5][3][0][1][92][0][4][6][0][27][1205][4][0][0][3][0][0][13][1][20][3][0]		 Class = 13
[0][16][20][32][2][1][4][1][3][2][1][2][0][1][1341][0][7][1][0][0][5][1][0][0][0]		 Class = 14
[2][8][3][20][1][18][0][2][2][1][0][1][0][0][3][1365][3][1][0][5][0][1][1][0][3]		 Class = 15
[8][28][10][19][7][4][22][3][0][0][0][0][2][2][24][8][1297][3][1][0][1][0][0][0][0]		 Class = 16
[68][74][14][8][27][6][6][11][2][0][16][4][5][5][7][6][6][1170][0][0][1][0][0][1][1]		 Class = 17
[4][6][10][3][23][2][8][2][7][19][0][3][0][0][10][1][1][1][1339][0][0][0][0][1][0]		 Class = 18
[1][0][0][1][0][11][1][0][2][4][1][0][1][0][1][12][0][0][0][1389][0][0][0][0][16]		 Class = 19
[5][19][3][13][4][1][2][11][0][10][3][1][3][10][12][0][8][2][0][2][1281][35][14][0][1]		 Class = 20
[0][3][0][5][5][0][1][0][12][8][1][1][0][1][4][3][0][2][0][1][27][1341][1][0][24]		 Class = 21
[4][5][0][0][5][0][6][20][0][2][8][4][22][28][1][1][1][0][0][0][28][5][1299][1][0]		 Class = 22
[6][4][0][5][6][4][0][1][0][1][21][5][0][0][1][0][0][2][1][0][0][16][0][1352][11]		 Class = 23
[3][5][1][7][1][7][0][3][11][8][2][1][1][2][4][18][2][0][1][7][5][50][0][5][1296]		 Class = 24
Accuracy = 91.220619658119659%