knn k = 7
array([  0.,   0.,   0., ...,  25.,  25.,   1.])
[392][17][0][2][0][0][5][7][0][0][5][0][16][9][0][1][2][16][0][0][0][0][1][7][0]		 Class = 0
[12][326][0][8][12][0][10][4][0][1][0][0][12][5][12][3][31][37][2][0][0][0][2][0][0]		 Class = 1
[0][0][496][1][28][0][11][0][6][2][11][6][0][0][5][1][6][10][2][0][2][0][0][0][0]		 Class = 2
[5][20][0][323][5][0][1][2][2][3][0][0][3][3][76][15][7][10][6][0][0][0][0][2][0]		 Class = 3
[1][8][1][1][281][7][10][2][6][0][12][0][0][1][0][1][1][40][4][0][0][0][2][3][0]		 Class = 4
[3][0][6][0][8][315][1][1][3][0][5][0][0][1][0][9][0][6][3][6][0][0][0][1][1]		 Class = 5
[2][2][3][0][8][0][291][0][0][0][0][0][0][0][0][0][27][0][4][0][0][0][1][0][0]		 Class = 6
[8][0][0][0][0][1][0][351][0][0][5][1][120][27][0][0][0][1][0][0][2][1][7][2][3]		 Class = 7
[0][0][0][0][0][1][0][0][682][8][0][0][0][0][0][3][0][0][5][3][0][0][0][1][3]		 Class = 8
[0][0][0][2][0][0][0][0][43][360][0][0][0][0][0][0][0][0][7][1][1][3][0][0][1]		 Class = 9
[3][0][0][0][0][0][0][2][0][0][284][0][10][4][0][0][0][19][0][0][1][0][4][26][0]		 Class = 10
[3][0][8][1][7][1][2][0][8][0][16][485][0][0][0][0][0][0][0][0][0][0][0][3][0]		 Class = 11
[7][6][0][1][0][0][4][6][0][0][4][0][244][20][0][0][1][8][0][1][1][0][11][1][0]		 Class = 12
[2][1][0][0][0][0][0][7][0][0][0][0][21][342][0][0][1][0][0][0][0][0][24][2][0]		 Class = 13
[4][16][3][38][2][0][19][0][0][5][2][0][1][0][336][3][48][3][3][0][3][0][0][1][0]		 Class = 14
[1][0][1][0][1][77][0][2][1][0][0][0][2][0][1][414][2][7][0][1][0][0][0][0][7]		 Class = 15
[1][15][0][6][1][0][13][1][0][3][0][0][0][2][20][1][308][8][3][0][0][0][1][1][0]		 Class = 16
[8][16][0][1][7][0][1][0][0][0][5][0][6][0][0][0][7][269][0][0][0][0][0][5][0]		 Class = 17
[0][2][0][0][5][0][2][0][13][29][0][0][0][0][0][0][0][1][404][3][0][0][0][3][0]		 Class = 18
[0][0][0][0][0][17][0][0][11][13][0][0][0][0][0][2][0][0][1][445][0][0][0][1][6]		 Class = 19
[1][0][0][8][0][0][9][8][0][0][4][2][3][11][8][0][9][1][1][0][403][28][44][0][2]		 Class = 20
[0][2][0][4][0][0][5][2][0][0][6][1][2][1][1][7][1][1][0][0][34][438][10][12][42]		 Class = 21
[1][3][0][0][0][0][5][6][0][0][4][1][20][12][0][0][0][0][0][0][11][0][368][1][0]		 Class = 22
[5][1][0][0][0][0][0][0][1][0][14][0][0][1][0][0][0][2][0][0][0][0][0][384][5]		 Class = 23
[0][0][0][0][0][0][0][1][1][0][0][0][0][0][0][7][1][0][0][9][0][12][0][14][383]		 Class = 24
Accuracy KNN = 81.425341261200899%