C:\Users\Siedg\AppData\Local\Programs\Python\Python36-32\python.exe C:/Users/Siedg/PycharmProjects/CharacterRecognition/CharacterRecognition.py outputTrain.txt outputTest.txt 5
[1283][24][1][5][0][2][2][41][0][1][1][3][7][9][13][5][8][33][0][0][1][0][0][0][1]		 Class = 0
[26][1246][3][40][21][0][5][2][0][0][0][1][5][1][20][2][25][29][6][0][2][0][1][0][0]		 Class = 1
[1][5][1289][1][5][0][8][0][6][0][0][34][0][0][73][4][2][2][5][0][2][1][2][0][0]		 Class = 2
[5][33][4][1270][0][0][1][0][1][4][0][2][1][2][98][3][4][1][3][1][2][2][0][0][1]		 Class = 3
[2][28][43][6][1258][11][9][0][3][0][0][21][2][1][12][3][3][10][20][0][0][2][3][1][0]		 Class = 4
[9][4][8][2][44][1196][3][1][7][3][3][2][2][0][1][100][2][6][22][21][0][0][0][1][3]		 Class = 5
[12][20][45][5][44][2][1200][1][0][0][0][0][3][2][24][1][68][4][5][0][1][0][1][0][1]		 Class = 6
[66][12][1][8][7][2][3][1251][0][0][7][0][5][43][3][2][0][5][0][0][13][1][7][1][3]		 Class = 7
[0][0][0][1][0][0][0][0][1385][21][0][6][0][0][0][1][0][0][5][2][0][0][0][1][2]		 Class = 8
[0][0][0][4][3][1][1][2][23][1324][0][1][1][3][1][0][3][1][27][25][4][6][3][2][3]		 Class = 9
[9][2][4][3][9][3][0][22][1][1][1296][3][10][7][0][1][0][17][0][1][7][7][6][30][1]		 Class = 10
[1][4][11][1][1][1][1][3][15][2][0][1391][0][0][1][0][0][0][1][0][1][1][0][2][0]		 Class = 11
[22][28][1][3][0][0][0][25][0][0][5][1][1287][22][3][2][3][10][0][0][3][2][21][2][0]		 Class = 12
[33][8][0][3][1][0][2][111][0][3][7][0][25][1189][6][1][0][6][0][0][15][3][21][6][0]		 Class = 13
[0][12][12][42][3][0][1][1][3][1][1][3][0][0][1340][1][10][1][0][0][7][0][1][0][1]		 Class = 14
[3][3][2][22][1][26][0][1][4][3][0][0][0][0][6][1345][3][2][0][12][1][2][1][0][3]		 Class = 15
[7][31][5][13][2][6][26][0][0][1][0][0][3][2][44][8][1275][6][2][0][5][1][1][1][0]		 Class = 16
[70][82][18][10][29][8][2][16][2][0][19][4][10][8][7][8][11][1127][0][1][2][1][0][3][1]		 Class = 17
[1][7][13][1][33][3][9][0][3][25][0][3][0][0][12][2][2][1][1320][0][0][1][0][2][1]		 Class = 18
[1][0][0][0][0][17][0][1][4][1][0][0][0][0][0][19][1][1][1][1373][0][0][0][0][21]		 Class = 19
[3][22][2][6][1][1][0][8][0][8][3][3][0][9][26][0][10][2][0][2][1267][48][16][2][1]		 Class = 20
[0][2][0][4][3][0][0][0][16][7][0][1][0][2][3][4][1][1][0][1][37][1330][0][0][28]		 Class = 21
[4][2][0][0][5][0][0][17][0][2][2][4][24][38][1][1][0][0][0][0][42][8][1289][1][0]		 Class = 22
[9][3][0][3][6][5][0][2][1][4][20][5][0][0][1][0][0][5][1][1][0][16][2][1332][20]		 Class = 23
[2][3][0][6][0][8][0][3][16][13][1][1][2][1][5][16][2][1][4][10][6][64][0][12][1264]		 Class = 24
Accuracy = 89.497863247863251%