C:\Users\Siedg\AppData\Local\Programs\Python\Python36-32\python.exe C:/Users/Siedg/PycharmProjects/CharacterRecognition/CharacterRecognition.py outputTrain.txt outputTest.txt 7
RandomForest Importances
[ 0.02834445  0.02687692  0.03829335  0.02764608  0.02560746  0.03669976
  0.06806763  0.03452626  0.03337787  0.03738816  0.05097468  0.06507336
  0.06367694  0.06053541  0.06009994  0.07400433  0.04259344  0.05749616
  0.05571374  0.06597496  0.03963689  0.00739219]
RandomForest
array([  0.,   0.,  13., ...,  25.,  25.,  17.])
[366][21][0][2][0][0][6][11][1][1][7][0][29][18][2][4][4][19][0][0][0][0][1][9][0]		 Class = 0
[13][254][0][11][10][0][2][6][1][0][4][0][16][6][2][12][28][24][5][0][1][1][5][2][0]		 Class = 1
[0][4][481][7][43][2][11][0][18][1][14][15][1][0][11][2][12][19][1][0][3][0][0][1][1]		 Class = 2
[13][25][0][341][2][0][7][2][2][8][0][0][4][3][142][23][13][1][8][0][2][0][0][3][1]		 Class = 3
[3][7][1][0][229][9][8][0][4][0][9][1][0][3][0][0][2][26][6][0][0][1][1][1][0]		 Class = 4
[4][0][9][0][12][322][5][4][8][1][9][0][0][0][0][15][3][10][15][5][0][1][0][7][2]		 Class = 5
[4][26][5][0][31][3][268][4][0][1][2][1][0][0][4][0][35][8][9][0][1][0][1][0][0]		 Class = 6
[10][1][0][0][0][0][1][323][0][0][4][0][116][50][0][2][0][4][0][0][1][0][11][1][3]		 Class = 7
[0][0][0][0][1][1][0][0][635][11][0][0][0][0][0][0][0][0][2][1][0][1][0][0][0]		 Class = 8
[0][3][0][1][0][1][0][0][46][362][0][0][0][0][1][0][0][0][13][3][2][2][0][2][1]		 Class = 9
[11][3][1][0][1][0][2][4][0][0][281][0][6][5][0][0][0][33][1][0][0][0][7][22][4]		 Class = 10
[5][0][16][0][4][0][4][0][9][0][10][476][0][0][0][0][0][0][1][0][0][0][0][4][0]		 Class = 11
[8][20][0][2][0][0][3][6][0][0][1][0][211][28][0][0][2][6][0][0][0][0][16][1][0]		 Class = 12
[7][0][0][0][0][1][0][16][0][0][1][0][30][291][0][1][0][3][0][0][0][3][19][0][1]		 Class = 13
[1][11][3][16][0][0][7][0][0][1][0][0][2][0][261][2][14][0][0][1][3][0][0][0][1]		 Class = 14
[0][1][1][4][1][58][0][1][0][1][1][0][0][0][0][384][1][2][0][3][0][0][1][0][3]		 Class = 15
[1][20][0][5][1][0][20][0][0][2][0][0][2][4][32][9][314][16][3][0][2][0][2][0][0]		 Class = 16
[5][24][0][0][12][2][1][0][0][0][6][1][6][2][0][1][10][255][2][0][2][0][0][2][0]		 Class = 17
[2][6][0][2][10][5][4][0][15][20][0][0][0][0][0][1][1][2][372][0][0][0][0][3][1]		 Class = 18
[0][0][1][0][1][12][0][0][12][13][0][0][0][0][0][2][0][0][2][448][0][0][0][1][13]		 Class = 19
[1][1][0][1][0][0][17][5][0][0][3][0][3][4][3][2][11][1][1][0][389][28][31][1][0]		 Class = 20
[0][0][0][1][0][1][6][5][2][0][4][0][0][3][1][5][0][0][0][0][39][418][9][11][39]		 Class = 21
[2][3][0][0][0][0][17][13][0][0][1][1][33][19][0][0][2][2][0][0][13][4][371][2][1]		 Class = 22
[2][1][0][1][1][0][0][0][0][1][17][1][1][3][0][0][0][3][1][0][0][0][0][383][5]		 Class = 23
[1][0][0][1][0][1][0][2][8][1][2][0][0][0][0][2][0][0][3][8][0][23][0][13][377]		 Class = 24
Accuracy = 76.861234402478857%