SVM
array([  0.,   0.,   0., ...,  25.,  25.,   1.])
[395][18][0][3][2][0][6][7][0][0][6][1][10][6][1][3][4][12][0][0][1][0][0][6][0]		 Class = 0
[10][314][0][17][5][1][4][0][0][2][1][0][11][3][13][1][21][39][1][0][0][0][1][0][0]		 Class = 1
[0][1][485][4][12][0][7][0][9][1][6][26][0][0][52][2][3][3][1][0][2][0][0][0][0]		 Class = 2
[1][18][0][335][0][0][3][2][0][4][0][2][2][2][87][16][5][0][9][0][3][1][1][2][0]		 Class = 3
[0][5][2][1][291][7][10][0][9][1][7][1][0][0][0][0][0][14][4][0][0][0][0][1][0]		 Class = 4
[4][2][10][2][13][372][2][1][9][2][5][1][2][0][2][37][3][7][5][8][0][0][0][5][7]		 Class = 5
[2][16][8][1][12][0][303][2][0][2][1][0][1][0][8][1][50][2][2][0][1][0][0][0][1]		 Class = 6
[12][1][0][0][0][1][3][354][0][0][5][1][76][22][0][0][0][4][0][1][1][0][9][1][1]		 Class = 7
[1][0][0][0][0][1][0][0][695][6][0][0][0][0][0][0][0][0][3][5][0][0][0][0][0]		 Class = 8
[1][1][0][1][0][0][0][0][52][378][0][0][0][0][1][0][0][0][7][20][0][1][0][2][0]		 Class = 9
[8][0][0][0][1][2][2][0][6][0][310][6][19][4][0][0][1][19][0][0][0][2][6][31][5]		 Class = 10
[1][0][7][0][0][0][0][0][3][0][5][451][0][0][0][0][0][2][0][0][0][0][0][2][0]		 Class = 11
[10][12][0][1][1][0][6][7][0][0][8][0][293][21][2][0][3][13][0][0][1][0][10][1][1]		 Class = 12
[0][0][0][1][0][0][0][13][0][0][1][0][21][366][0][0][1][0][0][1][1][1][25][0][1]		 Class = 13
[0][7][4][11][1][0][4][0][0][2][1][0][0][0][269][1][14][0][1][0][0][0][0][0][0]		 Class = 14
[1][2][0][7][2][24][0][1][0][0][0][0][2][1][2][396][2][4][0][3][0][4][0][1][6]		 Class = 15
[0][12][0][1][0][0][16][0][0][2][0][0][1][1][13][1][323][8][6][1][0][0][1][1][0]		 Class = 16
[9][19][2][2][23][1][3][0][1][0][8][0][5][2][1][2][8][311][0][1][0][0][0][2][0]		 Class = 17
[0][2][0][0][1][0][2][0][7][11][0][0][0][0][0][0][2][0][401][2][0][0][0][1][0]		 Class = 18
[0][0][0][0][0][6][0][0][5][8][0][0][0][0][0][0][0][0][0][422][0][0][0][0][12]		 Class = 19
[0][3][0][7][0][0][8][7][0][2][1][1][1][1][8][0][6][1][2][0][406][34][25][0][1]		 Class = 20
[0][0][0][2][0][0][1][0][0][0][0][2][0][0][0][3][0][0][0][0][33][410][4][4][25]		 Class = 21
[0][2][0][0][0][0][9][7][0][0][5][2][14][9][0][0][4][0][0][0][8][0][391][0][0]		 Class = 22
[3][0][0][0][0][1][0][0][1][0][7][1][0][1][0][0][0][2][0][0][0][6][1][406][22]		 Class = 23
[0][0][0][0][0][1][0][1][2][2][0][0][1][0][0][4][1][0][2][5][1][23][1][5][371]		 Class = 24
Accuracy = 82.371660664935931%