Vote
[401][18][0][1][0][0][5][8][0][0][4][0][15][9][0][1][4][13][0][0][0][0][1][6][0]		 Class = 0
[11][336][0][8][9][0][7][3][0][1][0][0][12][4][8][3][27][31][2][0][0][0][0][0][0]		 Class = 1
[0][1][497][2][25][0][7][0][6][2][8][13][0][0][15][1][6][10][2][0][2][0][0][0][0]		 Class = 2
[3][15][0][333][5][0][2][3][1][2][0][0][3][3][83][15][6][7][6][0][0][0][0][2][0]		 Class = 3
[1][6][2][1][284][3][9][1][7][0][10][0][0][0][0][1][1][36][4][0][0][0][2][2][0]		 Class = 4
[2][0][6][0][9][339][1][0][3][0][5][0][0][1][0][18][0][6][3][5][0][0][0][0][0]		 Class = 5
[2][5][3][0][10][0][302][0][0][0][0][0][0][0][0][0][23][1][1][0][0][0][1][0][0]		 Class = 6
[6][0][0][0][0][1][0][352][0][0][5][1][110][22][0][0][0][2][0][0][1][1][3][2][1]		 Class = 7
[0][0][0][0][0][1][0][0][696][7][0][0][0][0][0][3][0][0][3][3][0][0][0][1][2]		 Class = 8
[1][0][0][2][0][0][0][0][39][374][0][0][0][0][0][0][0][0][4][1][0][2][0][0][0]		 Class = 9
[4][0][0][0][0][0][0][2][0][0][297][0][8][4][0][0][1][15][0][0][1][0][4][24][1]		 Class = 10
[2][0][6][1][7][1][2][0][6][0][16][476][0][0][0][0][0][0][0][0][0][0][0][2][0]		 Class = 11
[7][4][0][1][0][0][7][7][0][0][4][0][263][16][0][0][2][9][0][1][1][0][8][1][0]		 Class = 12
[1][1][0][0][0][0][0][9][0][0][0][0][18][363][0][0][1][0][0][0][0][0][24][2][0]		 Class = 13
[3][13][3][28][1][0][18][0][0][3][1][0][1][0][331][3][36][2][2][0][2][0][0][1][0]		 Class = 14
[1][0][1][2][1][63][0][0][1][0][0][0][2][0][1][408][2][6][0][0][0][0][0][0][6]		 Class = 15
[1][15][0][5][1][0][12][1][0][2][0][0][0][1][16][0][324][9][3][0][0][0][1][1][0]		 Class = 16
[7][15][0][1][10][1][1][0][0][0][6][0][5][1][0][0][6][288][0][0][0][0][0][5][0]		 Class = 17
[0][1][0][0][3][0][3][0][10][23][0][0][0][0][0][0][1][1][414][1][0][0][0][1][0]		 Class = 18
[0][0][0][0][0][10][0][0][11][10][0][0][0][0][0][2][0][0][1][448][0][0][0][1][7]		 Class = 19
[1][0][0][8][0][0][4][7][0][0][4][2][3][5][5][0][10][1][0][0][406][24][38][0][2]		 Class = 20
[0][2][0][3][0][0][5][2][0][0][4][1][1][1][0][7][1][0][0][0][36][440][9][9][31]		 Class = 21
[1][2][0][0][0][0][4][6][0][0][3][1][18][8][0][0][0][0][0][0][8][0][384][1][0]		 Class = 22
[4][1][0][0][0][0][0][0][1][0][10][1][0][1][0][0][0][2][0][0][0][0][0][402][7]		 Class = 23
[0][0][0][0][0][0][0][1][1][0][0][0][1][0][0][5][1][0][0][10][1][15][0][8][396]		 Class = 24
Accuracy = 83.376601624654555%